6.299218750000000000e+01
1.174453125000000000e+02
6.299218750000000000e+01
1.382265625000000000e+02
6.410156250000000000e+01
1.575234375000000000e+02
6.632031250000000000e+01
1.768203125000000000e+02
7.519531250000000000e+01
1.946328125000000000e+02
8.517968750000000000e+01
2.065078125000000000e+02
9.849218750000000000e+01
2.183828125000000000e+02
1.129140625000000000e+02
2.258046875000000000e+02
1.273359375000000000e+02
2.272890625000000000e+02
1.439765625000000000e+02
2.258046875000000000e+02
1.583984375000000000e+02
2.183828125000000000e+02
1.706015625000000000e+02
2.094765625000000000e+02
1.828046875000000000e+02
1.961171875000000000e+02
1.916796875000000000e+02
1.783046875000000000e+02
1.961171875000000000e+02
1.575234375000000000e+02
1.961171875000000000e+02
1.382265625000000000e+02
1.961171875000000000e+02
1.174453125000000000e+02
6.964843750000000000e+01
1.070546875000000000e+02
7.963281250000000000e+01
1.026015625000000000e+02
9.072656250000000000e+01
1.033437500000000000e+02
1.029296875000000000e+02
1.055703125000000000e+02
1.134687500000000000e+02
1.085390625000000000e+02
1.439765625000000000e+02
1.070546875000000000e+02
1.539609375000000000e+02
1.048281250000000000e+02
1.650546875000000000e+02
1.026015625000000000e+02
1.755937500000000000e+02
1.033437500000000000e+02
1.850234375000000000e+02
1.070546875000000000e+02
1.273359375000000000e+02
1.218984375000000000e+02
1.273359375000000000e+02
1.352578125000000000e+02
1.273359375000000000e+02
1.501015625000000000e+02
1.273359375000000000e+02
1.634609375000000000e+02
1.106953125000000000e+02
1.664296875000000000e+02
1.195703125000000000e+02
1.693984375000000000e+02
1.273359375000000000e+02
1.723671875000000000e+02
1.351015625000000000e+02
1.708828125000000000e+02
1.428671875000000000e+02
1.679140625000000000e+02
8.185156250000000000e+01
1.204140625000000000e+02
8.850781250000000000e+01
1.159609375000000000e+02
1.040390625000000000e+02
1.159609375000000000e+02
1.095859375000000000e+02
1.233828125000000000e+02
1.029296875000000000e+02
1.248671875000000000e+02
8.739843750000000000e+01
1.248671875000000000e+02
1.461953125000000000e+02
1.233828125000000000e+02
1.517421875000000000e+02
1.159609375000000000e+02
1.672734375000000000e+02
1.159609375000000000e+02
1.739296875000000000e+02
1.204140625000000000e+02
1.672734375000000000e+02
1.248671875000000000e+02
1.528515625000000000e+02
1.248671875000000000e+02
9.960156250000000000e+01
1.842421875000000000e+02
1.106953125000000000e+02
1.827578125000000000e+02
1.228984375000000000e+02
1.812734375000000000e+02
1.273359375000000000e+02
1.827578125000000000e+02
1.317734375000000000e+02
1.812734375000000000e+02
1.439765625000000000e+02
1.827578125000000000e+02
1.572890625000000000e+02
1.842421875000000000e+02
1.484140625000000000e+02
1.931484375000000000e+02
1.384296875000000000e+02
2.020546875000000000e+02
1.273359375000000000e+02
2.035390625000000000e+02
1.173515625000000000e+02
2.005703125000000000e+02
1.073671875000000000e+02
1.946328125000000000e+02
1.007109375000000000e+02
1.857265625000000000e+02
1.140234375000000000e+02
1.857265625000000000e+02
1.273359375000000000e+02
1.872109375000000000e+02
1.417578125000000000e+02
1.872109375000000000e+02
1.550703125000000000e+02
1.857265625000000000e+02
1.417578125000000000e+02
1.916640625000000000e+02
1.284453125000000000e+02
1.946328125000000000e+02
1.140234375000000000e+02
1.916640625000000000e+02
