1.464023437500000000e+02
1.757109375000000000e+02
1.464023437500000000e+02
2.179609375000000000e+02
1.464023437500000000e+02
2.496484375000000000e+02
1.482695312500000000e+02
2.918984375000000000e+02
1.576054687500000000e+02
3.262265625000000000e+02
1.781445312500000000e+02
3.473515625000000000e+02
2.005507812500000000e+02
3.684765625000000000e+02
2.285585937500000000e+02
3.763984375000000000e+02
2.565664062500000000e+02
3.763984375000000000e+02
2.845742187500000000e+02
3.763984375000000000e+02
3.125820312500000000e+02
3.711171875000000000e+02
3.368554687500000000e+02
3.499921875000000000e+02
3.573945312500000000e+02
3.235859375000000000e+02
3.667304687500000000e+02
2.866171875000000000e+02
3.704648437500000000e+02
2.522890625000000000e+02
3.704648437500000000e+02
2.126796875000000000e+02
3.704648437500000000e+02
1.730703125000000000e+02
1.557382812500000000e+02
1.545859375000000000e+02
1.725429687500000000e+02
1.453437500000000000e+02
1.930820312500000000e+02
1.400625000000000000e+02
2.136210937500000000e+02
1.413828125000000000e+02
2.341601562500000000e+02
1.453437500000000000e+02
2.789726562500000000e+02
1.479843750000000000e+02
2.976445312500000000e+02
1.440234375000000000e+02
3.181835937500000000e+02
1.453437500000000000e+02
3.396562500000000000e+02
1.440234375000000000e+02
3.592617187500000000e+02
1.519453125000000000e+02
2.565664062500000000e+02
1.704296875000000000e+02
2.565664062500000000e+02
1.941953125000000000e+02
2.546992187500000000e+02
2.206015625000000000e+02
2.565664062500000000e+02
2.443671875000000000e+02
2.304257812500000000e+02
2.602109375000000000e+02
2.434960937500000000e+02
2.628515625000000000e+02
2.565664062500000000e+02
2.628515625000000000e+02
2.677695312500000000e+02
2.628515625000000000e+02
2.808398437500000000e+02
2.602109375000000000e+02
1.762773437500000000e+02
1.704296875000000000e+02
1.856132812500000000e+02
1.625078125000000000e+02
2.136210937500000000e+02
1.598671875000000000e+02
2.248242187500000000e+02
1.704296875000000000e+02
2.117539062500000000e+02
1.757109375000000000e+02
1.856132812500000000e+02
1.757109375000000000e+02
2.864414062500000000e+02
1.704296875000000000e+02
2.976445312500000000e+02
1.598671875000000000e+02
3.275195312500000000e+02
1.625078125000000000e+02
3.387226562500000000e+02
1.730703125000000000e+02
3.275195312500000000e+02
1.783515625000000000e+02
3.013789062500000000e+02
1.757109375000000000e+02
2.098867187500000000e+02
2.998203125000000000e+02
2.285585937500000000e+02
2.945390625000000000e+02
2.490976562500000000e+02
2.918984375000000000e+02
2.565664062500000000e+02
2.945390625000000000e+02
2.640351562500000000e+02
2.918984375000000000e+02
2.864414062500000000e+02
2.945390625000000000e+02
3.107148437500000000e+02
2.998203125000000000e+02
2.920429687500000000e+02
3.103828125000000000e+02
2.752382812500000000e+02
3.156640625000000000e+02
2.565664062500000000e+02
3.183046875000000000e+02
2.397617187500000000e+02
3.156640625000000000e+02
2.248242187500000000e+02
3.103828125000000000e+02
2.117539062500000000e+02
2.998203125000000000e+02
2.341601562500000000e+02
3.024609375000000000e+02
2.565664062500000000e+02
3.024609375000000000e+02
2.808398437500000000e+02
3.024609375000000000e+02
3.088476562500000000e+02
3.024609375000000000e+02
2.808398437500000000e+02
3.024609375000000000e+02
2.565664062500000000e+02
3.024609375000000000e+02
2.341601562500000000e+02
3.024609375000000000e+02
