6.514453125000000000e+01
1.229218750000000000e+02
6.514453125000000000e+01
1.428281250000000000e+02
6.514453125000000000e+01
1.627343750000000000e+02
6.737890625000000000e+01
1.826406250000000000e+02
7.296484375000000000e+01
2.025468750000000000e+02
8.301953125000000000e+01
2.163281250000000000e+02
9.530859375000000000e+01
2.255156250000000000e+02
1.087148437500000000e+02
2.316406250000000000e+02
1.243554687500000000e+02
2.331718750000000000e+02
1.411132812500000000e+02
2.331718750000000000e+02
1.567539062500000000e+02
2.285781250000000000e+02
1.723945312500000000e+02
2.209218750000000000e+02
1.846835937500000000e+02
2.086718750000000000e+02
1.947382812500000000e+02
1.918281250000000000e+02
1.980898437500000000e+02
1.703906250000000000e+02
1.980898437500000000e+02
1.489531250000000000e+02
1.980898437500000000e+02
1.244531250000000000e+02
7.073046875000000000e+01
1.122031250000000000e+02
7.855078125000000000e+01
1.022500000000000000e+02
8.860546875000000000e+01
1.007187500000000000e+02
9.866015625000000000e+01
1.022500000000000000e+02
1.081562500000000000e+02
1.045468750000000000e+02
1.416718750000000000e+02
1.037812500000000000e+02
1.528437500000000000e+02
1.007187500000000000e+02
1.656914062500000000e+02
9.995312500000000000e+01
1.779804687500000000e+02
1.022500000000000000e+02
1.880351562500000000e+02
1.091406250000000000e+02
1.243554687500000000e+02
1.198593750000000000e+02
1.243554687500000000e+02
1.321093750000000000e+02
1.243554687500000000e+02
1.443593750000000000e+02
1.232382812500000000e+02
1.566093750000000000e+02
1.075976562500000000e+02
1.612031250000000000e+02
1.154179687500000000e+02
1.627343750000000000e+02
1.243554687500000000e+02
1.657968750000000000e+02
1.332929687500000000e+02
1.627343750000000000e+02
1.422304687500000000e+02
1.627343750000000000e+02
8.078515625000000000e+01
1.229218750000000000e+02
8.637109375000000000e+01
1.167968750000000000e+02
1.020117187500000000e+02
1.167968750000000000e+02
1.087148437500000000e+02
1.229218750000000000e+02
1.008945312500000000e+02
1.244531250000000000e+02
8.748828125000000000e+01
1.244531250000000000e+02
1.455820312500000000e+02
1.229218750000000000e+02
1.522851562500000000e+02
1.167968750000000000e+02
1.679257812500000000e+02
1.167968750000000000e+02
1.735117187500000000e+02
1.213906250000000000e+02
1.679257812500000000e+02
1.244531250000000000e+02
1.534023437500000000e+02
1.244531250000000000e+02
9.419140625000000000e+01
1.841718750000000000e+02
1.075976562500000000e+02
1.780468750000000000e+02
1.198867187500000000e+02
1.749843750000000000e+02
1.243554687500000000e+02
1.765156250000000000e+02
1.288242187500000000e+02
1.749843750000000000e+02
1.444648437500000000e+02
1.780468750000000000e+02
1.589882812500000000e+02
1.857031250000000000e+02
1.489335937500000000e+02
1.964218750000000000e+02
1.366445312500000000e+02
2.025468750000000000e+02
1.243554687500000000e+02
2.056093750000000000e+02
1.131835937500000000e+02
2.025468750000000000e+02
1.031289062500000000e+02
1.948906250000000000e+02
9.642578125000000000e+01
1.841718750000000000e+02
1.109492187500000000e+02
1.826406250000000000e+02
1.243554687500000000e+02
1.826406250000000000e+02
1.411132812500000000e+02
1.811093750000000000e+02
1.567539062500000000e+02
1.857031250000000000e+02
1.422304687500000000e+02
1.933593750000000000e+02
1.243554687500000000e+02
1.964218750000000000e+02
1.098320312500000000e+02
1.933593750000000000e+02
